106
2 1 17 65 51 To_Hien_Thanh 728 339
2 0 17 2 53 BigC_To_Hien_Thanh 714 348
3 1 53 3 9 79 103 To_Hien_Thanh 672 380
2 2 9 4 6 Su_Van_Hanh 677 388
2 3 6 5 60 Da_Lat_Quan 681 392
2 4 60 6 33 Oz_Home_Land 716 441
4 5 33 7 65 9 50 11 149 Su_Van_Hanh 737 467
2 6 65 8 17 _ 792 432
2 7 17 0 98 Hotel_Michelle 790 415
3 6 50 10 49 84 126 _ 698 499
1 9 49 Cafe_Dai_Nam 669 459
2 6 149 12 27 Nha_Sach_Nguyen_Van_Cu 826 587
3 11 27 13 85 16 62 Su_Van_Hanh 843 608
3 12 85 14 27 15 36 _ 913 559
2 13 27 18 23 Chick_Cafe 928 582
1 13 36 Gui_Xe_Su_Van_Hanh 891 531
3 12 62 17 68 19 13 Su_Van_Hanh 883 656
2 16 68 18 22 _ 941 612
2 17 22 14 23 _ 944 599
3 16 13 20 30 22 65 Su_Van_Hanh 889 667
2 19 30 21 87 Benh_Vien_Da_Khoa_Q10 867 687
2 20 87 88 23 Cafe_Lang 799 741
2 19 65 23 70 Joint_Stock_Bank 931 716
2 22 70 24 14 Sacombank_Su_Van_Hanh 975 771
2 23 14 25 21 HUFLIT 985 781
2 24 21 26 44 -18C 997 798
2 25 44 27 32 Su_Van_Hanh 1026 831
2 26 32 28 119 Hot_&_Cold 1054 816
3 27 119 29 30 33 29 _ 1163 769
3 28 30 30 25 33 9 _ 1193 773
2 29 25 31 34 Trung_tam_bong_da_Ky_Hoa_2 1211 791
2 30 34 32 33 _ 1233 817
1 31 33 Cong_ty_TNHH_DVXD 1246 847
3 28 29 29 9 34 353 _ 1192 764
2 33 353 35 75 _ 1524 644
2 34 75 36 104 _ 1594 618
2 35 104 37 27 _ 1553 522
2 36 27 38 42 _ 1561 496
2 37 42 39 66 _ 1599 479
2 38 66 40 32 Kham_Chi_Hoa 1582 415
2 39 32 41 88 Hoa_Hung 1611 402
3 40 88 42 42 43 128 _ 1693 369
1 41 42 Hoa_Dat_Set_Ngoc_Diep 1732 354
3 41 128 44 139 45 156 _ 1642 252
1 43 139 Ha_Phong_Vu 1761 180
2 43 156 46 41 _ 1589 105
2 45 41 47 136 Cafe_Mau_Cua_Gio 1550 116
3 46 136 48 37 49 144 _ 1420 155
1 47 37 Phong_tap_the_hinh_P13_Q10 1431 190
2 47 144 50 13 Vietcombank 1286 207
2 49 13 51 75 _ 1274 211
2 50 75 52 39 _ 1245 142
2 51 39 53 177 Sai_Gon_Trek 1209 156
2 52 177 54 51 Cong_ty_dao_tao_va_dich_vu_ke_toan_An_Tam 1050 233
2 53 51 55 101 _ 1004 254
3 54 101 56 39 74 18 To_Hien_Thanh 961 163
2 55 39 57 76 Trai_cay_to_251_To_Hien_Thanh 926 181
2 56 76 58 34 KeFashion_Shop 866 228
3 57 34 59 70 62 65 To_Hien_Thanh 840 250
2 58 70 60 52 Cong_ty_TNHH_EFIX.VN 877 309
2 59 52 61 90 _ 893 359
1 60 90 The_Phone_Shop 975 321
3 58 65 63 21 65 28 To_Hien_Thanh 787 288
2 62 21 64 143 Kem_Bo_Da_Lat 775 271
1 63 143 Sach_Viet_Nam 688 157
3 62 28 0 51 66 115 To_Hien_Thanh 763 302
2 65 115 67 49 Mi_cay_Ot_Ma 699 207
3 66 49 68 53 69 44 _ 670 167
1 67 53 Van_phong_Grab_HCM 626 197
3 67 44 70 29 71 44 _ 641 134
1 69 29 Kem_tu_chon 617 151
2 69 44 72 53 _ 618 97
2 71 53 73 92 _ 576 64
1 72 92 Gold_Sport_To_Hien_Thanh 498 113
2 55 18 75 77 Banh_canh_Ut_Le 970 147 
3 74 77 76 25 77 39 To_Hien_Thanh 1029 98
1 75 25 ATM_MBbank 1014 78
2 75 39 78 63 Cong_ty_TNHH_Hoang_Gia_Viet_Nam 1061 75
1 77 63 Ngan_Hang_Dau_Tu_Va_Phat_Trien_Viet_Nam 1109 34
2 2 103 80 59 Hotel_Athena 586 437
3 79 59 81 21 83 34 To_Hien_Thanh 539 473
1 80 21 Urban_Station_To_Hien_Thanh 525 457
2 83 5 89 40 Tap_Doan_Thien_Thanh 511 496
3 82 5 80 34 84 118 To_Hien_Thanh 516 498
3 83 118 9 126 85 19 _ 601 580
2 84 19 86 46 Khanh_An_Food 616 592
2 85 46 87 80 Moc_Tra_Quan 649 624
2 86 80 101 35 Take_Coffee 708 678
3 101 68 21 23 105 53 _ 779 753
3 82 40 90 14 93 25 To_Hien_Thanh 481 522
3 89 14 91 160 92 160 Dong_Nai 470 513
2 90 160 92 0 Xom_Chai_Quan 353 404
2 91 0 90 160 Nha_hang_Kim_Thanh 353 404
2 89 25 94 61 Truong_Tieu_Hoc_Thien_Ho_Duong 464 540
2 93 61 95 98 To_Hien_Thanh 416 578
2 94 98 96 48 Cafe_Phieu_Acoustic 477 655
3 95 48 97 38 98 98 _ 510 690
1 96 38 Cafe_Dat 535 661
3 96 98 99 94 100 77 Cha_Lui_369 582 756
1 98 94 NewBlance.Shop 646 687
3 98 77 101 140 102 56 _ 638 809
3 100 140 87 35 88 68 _ 731 705
2 100 56 103 55 Chung_cu_To_Hien_Thanh 677 849
2 102 55 104 80 _ 718 885
2 103 80 105 50 Cafe_Kleine_Ecke 778 832
2 104 50 88 53 _ 811 795